0.000000000000000000e+00 2.384000000000000008e-01 2.318000000000011163e-01 1.984000000000011033e-01 1.980000000000000093e-01 2.202000000000022273e-01 2.096000000000022290e-01 2.024000000000022170e-01 2.242000000000011206e-01 1.636000000000011056e-01 1.761999999999999955e-01 1.770000000000022666e-01 1.730000000000022076e-01 2.252000000000022317e-01 1.526000000000022339e-01 1.768000000000033434e-01 4.223999999999999977e-01 2.153200000000000003e+00 2.160600000000002296e+00 2.105599999999999916e+00 2.182400000000001228e+00 2.159199999999999786e+00 2.082800000000000207e+00 2.205799999999999983e+00 2.191199999999999815e+00 2.127000000000000668e+00 2.153000000000000025e+00 2.168600000000001415e+00 2.177200000000002245e+00 2.176800000000000956e+00 2.202199999999999935e+00 2.155200000000002003e+00 2.180000000000000160e+00 2.199800000000000200e+00 2.106799999999999784e+00 2.170799999999999841e+00 2.215400000000000702e+00 2.209200000000002273e+00 2.209999999999999964e+00 2.206399999999999917e+00 2.125400000000002176e+00 2.123000000000000220e+00 2.217200000000000948e+00 2.142999999999999794e+00 2.138799999999999812e+00 2.120000000000002327e+00 2.218400000000002148e+00 2.087400000000000144e+00 2.198399999999999910e+00 2.165200000000002678e+00
2.384000000000000008e-01 0.000000000000000000e+00 3.320000000000111057e-02 6.140000000000111341e-02 6.779999999999999916e-02 5.820000000000222218e-02 6.020000000000221702e-02 5.460000000000222314e-02 2.860000000000111064e-02 9.240000000000110625e-02 8.500000000000000611e-02 7.780000000000224236e-02 8.440000000000222324e-02 1.838000000000022116e-01 2.156000000000022343e-01 2.118000000000033189e-01 3.042000000000000259e-01 2.227799999999999780e+00 2.233200000000002294e+00 2.199800000000000200e+00 2.289000000000001478e+00 2.260200000000000209e+00 2.178199999999999914e+00 2.309000000000000163e+00 2.292199999999999793e+00 2.218800000000000772e+00 2.250999999999999890e+00 2.256000000000001116e+00 2.275400000000002088e+00 2.283400000000001207e+00 2.308800000000000185e+00 2.259400000000002073e+00 2.287999999999999812e+00 2.295599999999999863e+00 2.206599999999999895e+00 2.272200000000000220e+00 2.322000000000000952e+00 2.312800000000002409e+00 2.316600000000000215e+00 2.313000000000000167e+00 2.210200000000002163e+00 2.208600000000000119e+00 2.322600000000001330e+00 2.250399999999999956e+00 2.245600000000000041e+00 2.203400000000002024e+00 2.320800000000002417e+00 2.173999999999999932e+00 2.285600000000000076e+00 2.250400000000002620e+00
2.318000000000011163e-01 3.320000000000111057e-02 0.000000000000000000e+00 7.759999999999998843e-02 7.220000000000111051e-02 6.300000000000109679e-02 7.100000000000110389e-02 6.780000000000109550e-02 2.919999999999999679e-02 9.779999999999998417e-02 8.960000000000110931e-02 8.440000000000334734e-02 9.200000000000109479e-02 1.738000000000010647e-01 2.090000000000010738e-01 2.042000000000021853e-01 2.968000000000011185e-01 2.238000000000001322e+00 2.245400000000000951e+00 2.204400000000001469e+00 2.288199999999999790e+00 2.266200000000001324e+00 2.184200000000001474e+00 2.313000000000001499e+00 2.298400000000000887e+00 2.225799999999999557e+00 2.250200000000001310e+00 2.262599999999999500e+00 2.276800000000000601e+00 2.284999999999999698e+00 2.308400000000000674e+00 2.258800000000000807e+00 2.288600000000001522e+00 2.294800000000001283e+00 2.206200000000000827e+00 2.271400000000000752e+00 2.321199999999999708e+00 2.312400000000001121e+00 2.315800000000001191e+00 2.312200000000000699e+00 2.222200000000000841e+00 2.220600000000001017e+00 2.321799999999999642e+00 2.250000000000000888e+00 2.246200000000000863e+00 2.214400000000001256e+00 2.320200000000000706e+00 2.186400000000000787e+00 2.292400000000001548e+00 2.257800000000004026e+00
1.984000000000011033e-01 6.140000000000111341e-02 7.759999999999998843e-02 0.000000000000000000e+00 3.000000000000110911e-02 3.880000000000110444e-02 3.160000000000110637e-02 2.460000000000110709e-02 5.699999999999998818e-02 4.119999999999999357e-02 3.620000000000111323e-02 3.060000000000333981e-02 3.180000000000110516e-02 1.628000000000010827e-01 1.858000000000010754e-01 1.790000000000021851e-01 3.544000000000011030e-01 2.196600000000000996e+00 2.202400000000000801e+00 2.168400000000000993e+00 2.257399999999999629e+00 2.226800000000000779e+00 2.144800000000000928e+00 2.277200000000001445e+00 2.258800000000000807e+00 2.185599999999999543e+00 2.219400000000001150e+00 2.222599999999999909e+00 2.243800000000001127e+00 2.251999999999999780e+00 2.277400000000000979e+00 2.227800000000001113e+00 2.256600000000001494e+00 2.264000000000001123e+00 2.176000000000001044e+00 2.240600000000001479e+00 2.290399999999999547e+00 2.281200000000001005e+00 2.285000000000001030e+00 2.281400000000001427e+00 2.178600000000001202e+00 2.177600000000000868e+00 2.290999999999999925e+00 2.219000000000001194e+00 2.214200000000000834e+00 2.171400000000001107e+00 2.289200000000001012e+00 2.140600000000000946e+00 2.252200000000001090e+00 2.216800000000003656e+00
1.980000000000000093e-01 6.779999999999999916e-02 7.220000000000111051e-02 3.000000000000110911e-02 0.000000000000000000e+00 2.960000000000222176e-02 2.120000000000222054e-02 2.520000000000222062e-02 5.080000000000110816e-02 5.340000000000111324e-02 3.479999999999999760e-02 4.100000000000222911e-02 3.860000000000222281e-02 1.674000000000022137e-01 1.876000000000022094e-01 1.810000000000033249e-01 3.397999999999999909e-01 2.213999999999999968e+00 2.223200000000002063e+00 2.181599999999999984e+00 2.271200000000001218e+00 2.242399999999999949e+00 2.160400000000000098e+00 2.290999999999999925e+00 2.274399999999999977e+00 2.201200000000000934e+00 2.233200000000000074e+00 2.238200000000000855e+00 2.257600000000002272e+00 2.265400000000001413e+00 2.290999999999999925e+00 2.241600000000002257e+00 2.269800000000000040e+00 2.277800000000000047e+00 2.189999999999999947e+00 2.254399999999999959e+00 2.304200000000000692e+00 2.295000000000002149e+00 2.298799999999999955e+00 2.295199999999999907e+00 2.199400000000002020e+00 2.197000000000000064e+00 2.304800000000001070e+00 2.232400000000000162e+00 2.227599999999999802e+00 2.192600000000002325e+00 2.303000000000002156e+00 2.161200000000000010e+00 2.267999999999999794e+00 2.232800000000002782e+00
2.202000000000022273e-01 5.820000000000222218e-02 6.300000000000109679e-02 3.880000000000110444e-02 2.960000000000222176e-02 0.000000000000000000e+00 2.799999999999999711e-02 2.439999999999999461e-02 4.200000000000109895e-02 6.240000000000110042e-02 5.440000000000221742e-02 5.600000000000444900e-02 5.539999999999999092e-02 1.741999999999999660e-01 1.977999999999999758e-01 1.934000000000010711e-01 3.364000000000021973e-01 2.215000000000002078e+00 2.224199999999999289e+00 2.183600000000002428e+00 2.269400000000000972e+00 2.246200000000002195e+00 2.164200000000002344e+00 2.292800000000002392e+00 2.278200000000002223e+00 2.204400000000000581e+00 2.231400000000002048e+00 2.242000000000000881e+00 2.256999999999999229e+00 2.265000000000000568e+00 2.289400000000002322e+00 2.239799999999999347e+00 2.268600000000002392e+00 2.276000000000002021e+00 2.187800000000002409e+00 2.252600000000002378e+00 2.302400000000000446e+00 2.293999999999999595e+00 2.297000000000002373e+00 2.293400000000002326e+00 2.200999999999999623e+00 2.199600000000002442e+00 2.303000000000000824e+00 2.231000000000002093e+00 2.226200000000002177e+00 2.193399999999999572e+00 2.301199999999999246e+00 2.164600000000002300e+00 2.271600000000002062e+00 2.235800000000005117e+00
2.096000000000022290e-01 6.020000000000221702e-02 7.100000000000110389e-02 3.160000000000110637e-02 2.120000000000222054e-02 2.799999999999999711e-02 0.000000000000000000e+00 2.159999999999999420e-02 4.340000000000110436e-02 5.340000000000109937e-02 4.300000000000221700e-02 4.480000000000444738e-02 4.539999999999998898e-02 1.731999999999999651e-01 1.945999999999999674e-01 1.878000000000010772e-01 3.336000000000022281e-01 2.216600000000002346e+00 2.225799999999999557e+00 2.185800000000002186e+00 2.274600000000000399e+00 2.245000000000002327e+00 2.163000000000002032e+00 2.294800000000002171e+00 2.277200000000002333e+00 2.203800000000001091e+00 2.236600000000002364e+00 2.240800000000001013e+00 2.260999999999999233e+00 2.269400000000000972e+00 2.294800000000002171e+00 2.244999999999999218e+00 2.274000000000002242e+00 2.281200000000002337e+00 2.193800000000002193e+00 2.257800000000002250e+00 2.307600000000000762e+00 2.298399999999999554e+00 2.302200000000002245e+00 2.298600000000002197e+00 2.200999999999999623e+00 2.199600000000002442e+00 2.308200000000001140e+00 2.237000000000002320e+00 2.231600000000002026e+00 2.193999999999999506e+00 2.306599999999999540e+00 2.162400000000002098e+00 2.270400000000002194e+00 2.235000000000005205e+00
2.024000000000022170e-01 5.460000000000222314e-02 6.780000000000109550e-02 2.460000000000110709e-02 2.520000000000222062e-02 2.439999999999999461e-02 2.159999999999999420e-02 0.000000000000000000e+00 4.260000000000110226e-02 4.780000000000109855e-02 4.520000000000221757e-02 3.740000000000445052e-02 3.999999999999999389e-02 1.627999999999999725e-01 1.839999999999999691e-01 1.776000000000010626e-01 3.354000000000021964e-01 2.202400000000002134e+00 2.211399999999999366e+00 2.171600000000002417e+00 2.259600000000000719e+00 2.236400000000002386e+00 2.154400000000002091e+00 2.283200000000002117e+00 2.268600000000002392e+00 2.194800000000000750e+00 2.221600000000002240e+00 2.232200000000000628e+00 2.246599999999999486e+00 2.254800000000001248e+00 2.279800000000002047e+00 2.229999999999999538e+00 2.259000000000002117e+00 2.266200000000002213e+00 2.177400000000002223e+00 2.242800000000002125e+00 2.292600000000001081e+00 2.284199999999999342e+00 2.287200000000002120e+00 2.283600000000002073e+00 2.188799999999999635e+00 2.187400000000002009e+00 2.293200000000000571e+00 2.221400000000002262e+00 2.216600000000002346e+00 2.180999999999999606e+00 2.291599999999999415e+00 2.151600000000002400e+00 2.261800000000002253e+00 2.226000000000004864e+00
2.242000000000011206e-01 2.860000000000111064e-02 2.919999999999999679e-02 5.699999999999998818e-02 5.080000000000110816e-02 4.200000000000109895e-02 4.340000000000110436e-02 4.260000000000110226e-02 0.000000000000000000e+00 7.839999999999999747e-02 6.680000000000110849e-02 6.500000000000334677e-02 7.060000000000110632e-02 1.726000000000010859e-01 2.056000000000010874e-01 2.006000000000021932e-01 3.064000000000011159e-01 2.234800000000000786e+00 2.242800000000000793e+00 2.201000000000001400e+00 2.286799999999999500e+00 2.262800000000001255e+00 2.180800000000001404e+00 2.309600000000001430e+00 2.294800000000001283e+00 2.221399999999999597e+00 2.248800000000001020e+00 2.258599999999999497e+00 2.274400000000000865e+00 2.282399999999999540e+00 2.306800000000000850e+00 2.257200000000000983e+00 2.286000000000001364e+00 2.293400000000000993e+00 2.206000000000001293e+00 2.270000000000001350e+00 2.319799999999999862e+00 2.311000000000000831e+00 2.314400000000000901e+00 2.310800000000001297e+00 2.218400000000000816e+00 2.217000000000001414e+00 2.320399999999999796e+00 2.249000000000001442e+00 2.243600000000000705e+00 2.211200000000000720e+00 2.318600000000000882e+00 2.182200000000000806e+00 2.288200000000000678e+00 2.252800000000004133e+00
1.636000000000011056e-01 9.240000000000110625e-02 9.779999999999998417e-02 4.119999999999999357e-02 5.340000000000111324e-02 6.240000000000110042e-02 5.340000000000109937e-02 4.780000000000109855e-02 7.839999999999999747e-02 0.000000000000000000e+00 2.340000000000111088e-02 2.240000000000333391e-02 2.320000000000110515e-02 1.670000000000010643e-01 1.562000000000010880e-01 1.494000000000021977e-01 3.728000000000011305e-01 2.180600000000000982e+00 2.188000000000000611e+00 2.147600000000001508e+00 2.236199999999999743e+00 2.210000000000000853e+00 2.128000000000001002e+00 2.257600000000000939e+00 2.242400000000000837e+00 2.169199999999999573e+00 2.198200000000000820e+00 2.205799999999999539e+00 2.223000000000000753e+00 2.231199999999999850e+00 2.256600000000001494e+00 2.206600000000000783e+00 2.235800000000001120e+00 2.242800000000000793e+00 2.154400000000000759e+00 2.219400000000001150e+00 2.269199999999999662e+00 2.260000000000000675e+00 2.263800000000000701e+00 2.260200000000001097e+00 2.164400000000000546e+00 2.162600000000001188e+00 2.269799999999999596e+00 2.198200000000000820e+00 2.193400000000001349e+00 2.157400000000000873e+00 2.268400000000000638e+00 2.127000000000000668e+00 2.235400000000001164e+00 2.201000000000004064e+00
1.761999999999999955e-01 8.500000000000000611e-02 8.960000000000110931e-02 3.620000000000111323e-02 3.479999999999999760e-02 5.440000000000221742e-02 4.300000000000221700e-02 4.520000000000221757e-02 6.680000000000110849e-02 2.340000000000111088e-02 0.000000000000000000e+00 1.540000000000222441e-02 1.680000000000221941e-02 1.662000000000022071e-01 1.714000000000022172e-01 1.646000000000033270e-01 3.672000000000000264e-01 2.190799999999999859e+00 2.199200000000002042e+00 2.157599999999999962e+00 2.246600000000000819e+00 2.219800000000000217e+00 2.137799999999999923e+00 2.267999999999999794e+00 2.251799999999999802e+00 2.178400000000000780e+00 2.208600000000000119e+00 2.215600000000001124e+00 2.233200000000002294e+00 2.241200000000000969e+00 2.266599999999999948e+00 2.217000000000002302e+00 2.245800000000000018e+00 2.253200000000000092e+00 2.165599999999999969e+00 2.229800000000000004e+00 2.279600000000001181e+00 2.270400000000002194e+00 2.274199999999999999e+00 2.270599999999999952e+00 2.174600000000002087e+00 2.173200000000000021e+00 2.280200000000000671e+00 2.208600000000000119e+00 2.203399999999999803e+00 2.167800000000002392e+00 2.278400000000002201e+00 2.137599999999999945e+00 2.245200000000000085e+00 2.209800000000002651e+00
1.770000000000022666e-01 7.780000000000224236e-02 8.440000000000334734e-02 3.060000000000333981e-02 4.100000000000222911e-02 5.600000000000444900e-02 4.480000000000444738e-02 3.740000000000445052e-02 6.500000000000334677e-02 2.240000000000333391e-02 1.540000000000222441e-02 0.000000000000000000e+00 1.480000000000444502e-02 1.600000000000044720e-01 1.674000000000044897e-01 1.608000000000055774e-01 3.646000000000023111e-01 2.183600000000002872e+00 2.191600000000005100e+00 2.153400000000002645e+00 2.241400000000004056e+00 2.215400000000002922e+00 2.133400000000002628e+00 2.264200000000002877e+00 2.247600000000002929e+00 2.173800000000003507e+00 2.203400000000002912e+00 2.211200000000004273e+00 2.228400000000005043e+00 2.236600000000003696e+00 2.261600000000002719e+00 2.211800000000005095e+00 2.240800000000002790e+00 2.248000000000002885e+00 2.158800000000002939e+00 2.224600000000002797e+00 2.274400000000003530e+00 2.266000000000004899e+00 2.269000000000002792e+00 2.265400000000002745e+00 2.169400000000004880e+00 2.168000000000002814e+00 2.275000000000003908e+00 2.203200000000002934e+00 2.198400000000003018e+00 2.161600000000004851e+00 2.273400000000004972e+00 2.132200000000002760e+00 2.240800000000002790e+00 2.205200000000000493e+00
1.730000000000022076e-01 8.440000000000222324e-02 9.200000000000109479e-02 3.180000000000110516e-02 3.860000000000222281e-02 5.539999999999999092e-02 4.539999999999998898e-02 3.999999999999999389e-02 7.060000000000110632e-02 2.320000000000110515e-02 1.680000000000221941e-02 1.480000000000444502e-02 0.000000000000000000e+00 1.589999999999999747e-01 1.671999999999999598e-01 1.602000000000010638e-01 3.586000000000021948e-01 2.186600000000002098e+00 2.195799999999999308e+00 2.155400000000002425e+00 2.243200000000000749e+00 2.215000000000002078e+00 2.133000000000002228e+00 2.263400000000002077e+00 2.247200000000002085e+00 2.174200000000000799e+00 2.205200000000002269e+00 2.210800000000000765e+00 2.229599999999999582e+00 2.238000000000000433e+00 2.263400000000002077e+00 2.213599999999999568e+00 2.242600000000002147e+00 2.249800000000002242e+00 2.160600000000002296e+00 2.226400000000002155e+00 2.276200000000001111e+00 2.266999999999999460e+00 2.270800000000002150e+00 2.267200000000002102e+00 2.172799999999999621e+00 2.171000000000002039e+00 2.276800000000000601e+00 2.205000000000002292e+00 2.200200000000002376e+00 2.165799999999999503e+00 2.275199999999999445e+00 2.134400000000002073e+00 2.240400000000002390e+00 2.205200000000004934e+00
2.252000000000022317e-01 1.838000000000022116e-01 1.738000000000010647e-01 1.628000000000010827e-01 1.674000000000022137e-01 1.741999999999999660e-01 1.731999999999999651e-01 1.627999999999999725e-01 1.726000000000010859e-01 1.670000000000010643e-01 1.662000000000022071e-01 1.600000000000044720e-01 1.589999999999999747e-01 0.000000000000000000e+00 8.979999999999997706e-02 5.680000000000109961e-02 2.476000000000022072e-01 2.193400000000002237e+00 2.201599999999999557e+00 2.158600000000002073e+00 2.221600000000000463e+00 2.211200000000002053e+00 2.138200000000002099e+00 2.252200000000002422e+00 2.236600000000002364e+00 2.181600000000000428e+00 2.195800000000002417e+00 2.210000000000000853e+00 2.226599999999999469e+00 2.231800000000000672e+00 2.243800000000002015e+00 2.208799999999999208e+00 2.227800000000002001e+00 2.230000000000002203e+00 2.157400000000002205e+00 2.204000000000002402e+00 2.253200000000000536e+00 2.244999999999999218e+00 2.248600000000002375e+00 2.245800000000002239e+00 2.178399999999999448e+00 2.176600000000002311e+00 2.260600000000001053e+00 2.192400000000002347e+00 2.181800000000002182e+00 2.168799999999999617e+00 2.256399999999999295e+00 2.142800000000002036e+00 2.237200000000002298e+00 2.213800000000004875e+00
1.526000000000022339e-01 2.156000000000022343e-01 2.090000000000010738e-01 1.858000000000010754e-01 1.876000000000022094e-01 1.977999999999999758e-01 1.945999999999999674e-01 1.839999999999999691e-01 2.056000000000010874e-01 1.562000000000010880e-01 1.714000000000022172e-01 1.674000000000044897e-01 1.671999999999999598e-01 8.979999999999997706e-02 0.000000000000000000e+00 5.120000000000109880e-02 2.800000000000022471e-01 2.197400000000002240e+00 2.205399999999999583e+00 2.156200000000002337e+00 2.221000000000000973e+00 2.208800000000002317e+00 2.135800000000002363e+00 2.249800000000002242e+00 2.234800000000002118e+00 2.179200000000000692e+00 2.196600000000002328e+00 2.210800000000000765e+00 2.226599999999999469e+00 2.229400000000000936e+00 2.242800000000002125e+00 2.206399999999999473e+00 2.225400000000002265e+00 2.235000000000002096e+00 2.156600000000002293e+00 2.206000000000002181e+00 2.254000000000000448e+00 2.245599999999999596e+00 2.248600000000002375e+00 2.245000000000002327e+00 2.175999999999999268e+00 2.174200000000002131e+00 2.258200000000000429e+00 2.191400000000002013e+00 2.179400000000002002e+00 2.167399999999999327e+00 2.255599999999999383e+00 2.140400000000002301e+00 2.238600000000002144e+00 2.214600000000005231e+00
1.768000000000033434e-01 2.118000000000033189e-01 2.042000000000021853e-01 1.790000000000021851e-01 1.810000000000033249e-01 1.934000000000010711e-01 1.878000000000010772e-01 1.776000000000010626e-01 2.006000000000021932e-01 1.494000000000021977e-01 1.646000000000033270e-01 1.608000000000055774e-01 1.602000000000010638e-01 5.680000000000109961e-02 5.120000000000109880e-02 0.000000000000000000e+00 2.884000000000033204e-01 2.171000000000002927e+00 2.178200000000000358e+00 2.136200000000003207e+00 2.198200000000001708e+00 2.188800000000003187e+00 2.115400000000003722e+00 2.229800000000003557e+00 2.213400000000003587e+00 2.159200000000002007e+00 2.173800000000003507e+00 2.187600000000001987e+00 2.204200000000000159e+00 2.209400000000001807e+00 2.221000000000003638e+00 2.186000000000000831e+00 2.205000000000003624e+00 2.207200000000002937e+00 2.131200000000003314e+00 2.180600000000003647e+00 2.230800000000002115e+00 2.221400000000000929e+00 2.225800000000003109e+00 2.223000000000003418e+00 2.156000000000000583e+00 2.154200000000003001e+00 2.237800000000001788e+00 2.170000000000003482e+00 2.159000000000003361e+00 2.146400000000000752e+00 2.233600000000000918e+00 2.120000000000003659e+00 2.214000000000003077e+00 2.191400000000006010e+00
4.223999999999999977e-01 3.042000000000000259e-01 2.968000000000011185e-01 3.544000000000011030e-01 3.397999999999999909e-01 3.364000000000021973e-01 3.336000000000022281e-01 3.354000000000021964e-01 3.064000000000011159e-01 3.728000000000011305e-01 3.672000000000000264e-01 3.646000000000023111e-01 3.586000000000021948e-01 2.476000000000022072e-01 2.800000000000022471e-01 2.884000000000033204e-01 0.000000000000000000e+00 2.378600000000000048e+00 2.388600000000002055e+00 2.349600000000000133e+00 2.408600000000000740e+00 2.402200000000000113e+00 2.329200000000000159e+00 2.443200000000000038e+00 2.425800000000000178e+00 2.372800000000000686e+00 2.384999999999999787e+00 2.394000000000001016e+00 2.417800000000002392e+00 2.423000000000000931e+00 2.435000000000000053e+00 2.400000000000002132e+00 2.419000000000000039e+00 2.415799999999999947e+00 2.351799999999999891e+00 2.392799999999999816e+00 2.444400000000000794e+00 2.433600000000002428e+00 2.439799999999999969e+00 2.436999999999999833e+00 2.369400000000002393e+00 2.367599999999999927e+00 2.451800000000001312e+00 2.383599999999999941e+00 2.373000000000000220e+00 2.360000000000002096e+00 2.447600000000002218e+00 2.333800000000000097e+00 2.417400000000000215e+00 2.396800000000002928e+00
2.153200000000000003e+00 2.227799999999999780e+00 2.238000000000001322e+00 2.196600000000000996e+00 2.213999999999999968e+00 2.215000000000002078e+00 2.216600000000002346e+00 2.202400000000002134e+00 2.234800000000000786e+00 2.180600000000000982e+00 2.190799999999999859e+00 2.183600000000002872e+00 2.186600000000002098e+00 2.193400000000002237e+00 2.197400000000002240e+00 2.171000000000002927e+00 2.378600000000000048e+00 0.000000000000000000e+00 1.360000000000221969e-02 5.800000000000000294e-02 8.900000000000110600e-02 8.939999999999999336e-02 2.693999999999999728e-01 1.371999999999999886e-01 1.175999999999999962e-01 7.200000000000110478e-02 5.920000000000000262e-02 6.280000000000110494e-02 8.160000000000222631e-02 1.046000000000011088e-01 1.343999999999999917e-01 7.380000000000222493e-02 1.117999999999999966e-01 7.900000000000000078e-02 8.580000000000000127e-02 6.600000000000000311e-02 1.214000000000011043e-01 1.082000000000022250e-01 1.260000000000000009e-01 1.272000000000000075e-01 3.880000000000222160e-02 4.100000000000000172e-02 1.302000000000011204e-01 5.979999999999999899e-02 7.520000000000000295e-02 4.680000000000222177e-02 1.180000000000022142e-01 3.207999999999999741e-01 8.740000000000000546e-02 6.020000000000223783e-02
2.160600000000002296e+00 2.233200000000002294e+00 2.245400000000000951e+00 2.202400000000000801e+00 2.223200000000002063e+00 2.224199999999999289e+00 2.225799999999999557e+00 2.211399999999999366e+00 2.242800000000000793e+00 2.188000000000000611e+00 2.199200000000002042e+00 2.191600000000005100e+00 2.195799999999999308e+00 2.201599999999999557e+00 2.205399999999999583e+00 2.178200000000000358e+00 2.388600000000002055e+00 1.360000000000221969e-02 0.000000000000000000e+00 6.640000000000222113e-02 8.380000000000109583e-02 9.260000000000222220e-02 2.782000000000022233e-01 1.316000000000022152e-01 1.120000000000022228e-01 7.980000000000110616e-02 5.900000000000221734e-02 6.700000000000110034e-02 7.619999999999997609e-02 9.880000000000109528e-02 1.292000000000022297e-01 6.919999999999998375e-02 1.072000000000022241e-01 7.360000000000221920e-02 9.180000000000222704e-02 6.260000000000222331e-02 1.160000000000010884e-01 1.037999999999999756e-01 1.208000000000022250e-01 1.220000000000022178e-01 4.659999999999998865e-02 4.880000000000222354e-02 1.250000000000011102e-01 6.140000000000222363e-02 7.900000000000222122e-02 5.219999999999998946e-02 1.133999999999999869e-01 3.296000000000022245e-01 8.280000000000221905e-02 6.560000000000446030e-02
2.105599999999999916e+00 2.199800000000000200e+00 2.204400000000001469e+00 2.168400000000000993e+00 2.181599999999999984e+00 2.183600000000002428e+00 2.185800000000002186e+00 2.171600000000002417e+00 2.201000000000001400e+00 2.147600000000001508e+00 2.157599999999999962e+00 2.153400000000002645e+00 2.155400000000002425e+00 2.158600000000002073e+00 2.156200000000002337e+00 2.136200000000003207e+00 2.349600000000000133e+00 5.800000000000000294e-02 6.640000000000222113e-02 0.000000000000000000e+00 9.320000000000111529e-02 8.260000000000000675e-02 2.165999999999999870e-01 1.393999999999999961e-01 1.213999999999999940e-01 6.240000000000110736e-02 8.319999999999999618e-02 9.460000000000111375e-02 1.048000000000022247e-01 1.112000000000011035e-01 1.416000000000000036e-01 7.980000000000221638e-02 1.160000000000000059e-01 1.130000000000000032e-01 4.059999999999999720e-02 8.799999999999999489e-02 1.340000000000011182e-01 1.250000000000022204e-01 1.320000000000000062e-01 1.325999999999999956e-01 2.880000000000221966e-02 2.639999999999999986e-02 1.414000000000011081e-01 6.740000000000000158e-02 6.640000000000000069e-02 2.520000000000222062e-02 1.392000000000022109e-01 2.676000000000000045e-01 1.243999999999999967e-01 9.980000000000223415e-02
2.182400000000001228e+00 2.289000000000001478e+00 2.288199999999999790e+00 2.257399999999999629e+00 2.271200000000001218e+00 2.269400000000000972e+00 2.274600000000000399e+00 2.259600000000000719e+00 2.286799999999999500e+00 2.236199999999999743e+00 2.246600000000000819e+00 2.241400000000004056e+00 2.243200000000000749e+00 2.221600000000000463e+00 2.221000000000000973e+00 2.198200000000001708e+00 2.408600000000000740e+00 8.900000000000110600e-02 8.380000000000109583e-02 9.320000000000111529e-02 0.000000000000000000e+00 8.700000000000110423e-02 2.870000000000010876e-01 5.680000000000111349e-02 3.240000000000110847e-02 9.319999999999997731e-02 4.880000000000111332e-02 6.519999999999999407e-02 3.460000000000110904e-02 2.839999999999999469e-02 5.060000000000110937e-02 4.560000000000109799e-02 3.720000000000110718e-02 2.600000000000110903e-02 1.132000000000011053e-01 2.640000000000111008e-02 4.259999999999999204e-02 3.500000000000110661e-02 4.140000000000110952e-02 4.300000000000110678e-02 8.540000000000108615e-02 8.540000000000111391e-02 5.079999999999999100e-02 5.400000000000110961e-02 6.000000000000110800e-02 9.920000000000109286e-02 5.160000000000110332e-02 3.458000000000011065e-01 5.140000000000111147e-02 7.540000000000335323e-02
2.159199999999999786e+00 2.260200000000000209e+00 2.266200000000001324e+00 2.226800000000000779e+00 2.242399999999999949e+00 2.246200000000002195e+00 2.245000000000002327e+00 2.236400000000002386e+00 2.262800000000001255e+00 2.210000000000000853e+00 2.219800000000000217e+00 2.215400000000002922e+00 2.215000000000002078e+00 2.211200000000002053e+00 2.208800000000002317e+00 2.188800000000003187e+00 2.402200000000000113e+00 8.939999999999999336e-02 9.260000000000222220e-02 8.260000000000000675e-02 8.700000000000110423e-02 0.000000000000000000e+00 2.094000000000000028e-01 1.212000000000000022e-01 8.440000000000000280e-02 5.820000000000111195e-02 7.599999999999999811e-02 5.240000000000111235e-02 7.580000000000222671e-02 8.520000000000110818e-02 1.264000000000000123e-01 7.700000000000221945e-02 1.048000000000000043e-01 1.021999999999999992e-01 1.014000000000000040e-01 7.439999999999999392e-02 1.180000000000011040e-01 1.116000000000022252e-01 1.218000000000000055e-01 1.219999999999999973e-01 7.040000000000222469e-02 6.759999999999999343e-02 1.208000000000011148e-01 7.159999999999999698e-02 5.859999999999999931e-02 8.360000000000221421e-02 1.230000000000022187e-01 2.680000000000000160e-01 7.019999999999999851e-02 5.200000000000223194e-02
2.082800000000000207e+00 2.178199999999999914e+00 2.184200000000001474e+00 2.144800000000000928e+00 2.160400000000000098e+00 2.164200000000002344e+00 2.163000000000002032e+00 2.154400000000002091e+00 2.180800000000001404e+00 2.128000000000001002e+00 2.137799999999999923e+00 2.133400000000002628e+00 2.133000000000002228e+00 2.138200000000002099e+00 2.135800000000002363e+00 2.115400000000003722e+00 2.329200000000000159e+00 2.693999999999999728e-01 2.782000000000022233e-01 2.165999999999999870e-01 2.870000000000010876e-01 2.094000000000000028e-01 0.000000000000000000e+00 3.024000000000000021e-01 2.670000000000000151e-01 2.286000000000011079e-01 2.787999999999999923e-01 2.566000000000011050e-01 2.810000000000022480e-01 2.878000000000011105e-01 2.992000000000000215e-01 2.430000000000022142e-01 2.757999999999999896e-01 3.085999999999999854e-01 2.144000000000000072e-01 2.819999999999999729e-01 3.248000000000010878e-01 3.176000000000022139e-01 3.114000000000000101e-01 3.014000000000000012e-01 2.394000000000022221e-01 2.359999999999999876e-01 3.266000000000011116e-01 2.421999999999999986e-01 2.429999999999999938e-01 2.372000000000022146e-01 3.286000000000022236e-01 1.044000000000000067e-01 2.756000000000000116e-01 2.564000000000022927e-01
2.205799999999999983e+00 2.309000000000000163e+00 2.313000000000001499e+00 2.277200000000001445e+00 2.290999999999999925e+00 2.292800000000002392e+00 2.294800000000002171e+00 2.283200000000002117e+00 2.309600000000001430e+00 2.257600000000000939e+00 2.267999999999999794e+00 2.264200000000002877e+00 2.263400000000002077e+00 2.252200000000002422e+00 2.249800000000002242e+00 2.229800000000003557e+00 2.443200000000000038e+00 1.371999999999999886e-01 1.316000000000022152e-01 1.393999999999999961e-01 5.680000000000111349e-02 1.212000000000000022e-01 3.024000000000000021e-01 0.000000000000000000e+00 3.880000000000000115e-02 1.184000000000011155e-01 9.220000000000000417e-02 1.002000000000011076e-01 7.080000000000222227e-02 5.300000000000110872e-02 2.879999999999999921e-02 7.460000000000222009e-02 5.059999999999999915e-02 6.439999999999999891e-02 1.438000000000000111e-01 7.979999999999999594e-02 3.020000000000111137e-02 3.640000000000222224e-02 2.060000000000000026e-02 2.000000000000000042e-02 1.280000000000022231e-01 1.264000000000000123e-01 3.240000000000110847e-02 8.379999999999999949e-02 8.219999999999999529e-02 1.450000000000022105e-01 3.320000000000222079e-02 3.538000000000000034e-01 8.880000000000000393e-02 1.126000000000022400e-01
2.191199999999999815e+00 2.292199999999999793e+00 2.298400000000000887e+00 2.258800000000000807e+00 2.274399999999999977e+00 2.278200000000002223e+00 2.277200000000002333e+00 2.268600000000002392e+00 2.294800000000001283e+00 2.242400000000000837e+00 2.251799999999999802e+00 2.247600000000002929e+00 2.247200000000002085e+00 2.236600000000002364e+00 2.234800000000002118e+00 2.213400000000003587e+00 2.425800000000000178e+00 1.175999999999999962e-01 1.120000000000022228e-01 1.213999999999999940e-01 3.240000000000110847e-02 8.440000000000000280e-02 2.670000000000000151e-01 3.880000000000000115e-02 0.000000000000000000e+00 9.840000000000111158e-02 7.620000000000000384e-02 6.620000000000110518e-02 4.840000000000221902e-02 3.220000000000110968e-02 4.279999999999999777e-02 5.280000000000222016e-02 3.259999999999999704e-02 4.660000000000000253e-02 1.202000000000000013e-01 5.539999999999999786e-02 6.040000000000111252e-02 5.400000000000221984e-02 4.760000000000000342e-02 3.819999999999999785e-02 1.118000000000022170e-01 1.102000000000000063e-01 6.180000000000111099e-02 6.239999999999999714e-02 6.660000000000000642e-02 1.288000000000022183e-01 6.480000000000221694e-02 3.254000000000000226e-01 5.179999999999999882e-02 7.580000000000224059e-02
2.127000000000000668e+00 2.218800000000000772e+00 2.225799999999999557e+00 2.185599999999999543e+00 2.201200000000000934e+00 2.204400000000000581e+00 2.203800000000001091e+00 2.194800000000000750e+00 2.221399999999999597e+00 2.169199999999999573e+00 2.178400000000000780e+00 2.173800000000003507e+00 2.174200000000000799e+00 2.181600000000000428e+00 2.179200000000000692e+00 2.159200000000002007e+00 2.372800000000000686e+00 7.200000000000110478e-02 7.980000000000110616e-02 6.240000000000110736e-02 9.319999999999997731e-02 5.820000000000111195e-02 2.286000000000011079e-01 1.184000000000011155e-01 9.840000000000111158e-02 0.000000000000000000e+00 6.300000000000111067e-02 7.039999999999999036e-02 8.460000000000109099e-02 8.919999999999998763e-02 1.284000000000010966e-01 7.120000000000109575e-02 1.042000000000011112e-01 1.126000000000011159e-01 8.400000000000111544e-02 8.520000000000110818e-02 1.283999999999999864e-01 1.228000000000010888e-01 1.242000000000011151e-01 1.240000000000011093e-01 4.620000000000110130e-02 4.460000000000111098e-02 1.303999999999999881e-01 6.280000000000110494e-02 5.260000000000111114e-02 5.580000000000109872e-02 1.306000000000011041e-01 2.670000000000011253e-01 1.040000000000011054e-01 7.120000000000334395e-02
2.153000000000000025e+00 2.250999999999999890e+00 2.250200000000001310e+00 2.219400000000001150e+00 2.233200000000000074e+00 2.231400000000002048e+00 2.236600000000002364e+00 2.221600000000002240e+00 2.248800000000001020e+00 2.198200000000000820e+00 2.208600000000000119e+00 2.203400000000002912e+00 2.205200000000002269e+00 2.195800000000002417e+00 2.196600000000002328e+00 2.173800000000003507e+00 2.384999999999999787e+00 5.920000000000000262e-02 5.900000000000221734e-02 8.319999999999999618e-02 4.880000000000111332e-02 7.599999999999999811e-02 2.787999999999999923e-01 9.220000000000000417e-02 7.620000000000000384e-02 6.300000000000111067e-02 0.000000000000000000e+00 4.600000000000110945e-02 4.640000000000221725e-02 6.300000000000111067e-02 9.539999999999999869e-02 4.060000000000221765e-02 7.299999999999999545e-02 5.480000000000000149e-02 1.072000000000000036e-01 3.280000000000000276e-02 8.160000000000111609e-02 7.100000000000221412e-02 8.519999999999999796e-02 8.659999999999999643e-02 6.280000000000221516e-02 6.360000000000000375e-02 8.900000000000110600e-02 4.839999999999999858e-02 4.920000000000000068e-02 7.260000000000221831e-02 8.240000000000222147e-02 3.201999999999999846e-01 6.360000000000000375e-02 5.120000000000222984e-02
2.168600000000001415e+00 2.256000000000001116e+00 2.262599999999999500e+00 2.222599999999999909e+00 2.238200000000000855e+00 2.242000000000000881e+00 2.240800000000001013e+00 2.232200000000000628e+00 2.258599999999999497e+00 2.205799999999999539e+00 2.215600000000001124e+00 2.211200000000004273e+00 2.210800000000000765e+00 2.210000000000000853e+00 2.210800000000000765e+00 2.187600000000001987e+00 2.394000000000001016e+00 6.280000000000110494e-02 6.700000000000110034e-02 9.460000000000111375e-02 6.519999999999999407e-02 5.240000000000111235e-02 2.566000000000011050e-01 1.002000000000011076e-01 6.620000000000110518e-02 7.039999999999999036e-02 4.600000000000110945e-02 0.000000000000000000e+00 4.960000000000110154e-02 6.739999999999998770e-02 1.054000000000011039e-01 6.100000000000110195e-02 8.860000000000110842e-02 5.820000000000111195e-02 1.126000000000011159e-01 4.160000000000110831e-02 9.479999999999998150e-02 8.300000000000108680e-02 9.840000000000111158e-02 9.980000000000111005e-02 7.680000000000110350e-02 7.680000000000110350e-02 9.779999999999998417e-02 6.220000000000110857e-02 5.560000000000110687e-02 9.000000000000109301e-02 9.180000000000108906e-02 3.150000000000011124e-01 3.660000000000111081e-02 1.820000000000333504e-02
2.177200000000002245e+00 2.275400000000002088e+00 2.276800000000000601e+00 2.243800000000001127e+00 2.257600000000002272e+00 2.256999999999999229e+00 2.260999999999999233e+00 2.246599999999999486e+00 2.274400000000000865e+00 2.223000000000000753e+00 2.233200000000002294e+00 2.228400000000005043e+00 2.229599999999999582e+00 2.226599999999999469e+00 2.226599999999999469e+00 2.204200000000000159e+00 2.417800000000002392e+00 8.160000000000222631e-02 7.619999999999997609e-02 1.048000000000022247e-01 3.460000000000110904e-02 7.580000000000222671e-02 2.810000000000022480e-01 7.080000000000222227e-02 4.840000000000221902e-02 8.460000000000109099e-02 4.640000000000221725e-02 4.960000000000110154e-02 0.000000000000000000e+00 2.580000000000110677e-02 6.660000000000222686e-02 5.299999999999999156e-02 4.500000000000221878e-02 3.020000000000222160e-02 1.226000000000022211e-01 2.840000000000222208e-02 5.720000000000110413e-02 4.659999999999998865e-02 6.220000000000221879e-02 6.240000000000221758e-02 8.739999999999997771e-02 8.820000000000222107e-02 5.980000000000110227e-02 6.440000000000221936e-02 6.880000000000222049e-02 9.899999999999997691e-02 5.419999999999999124e-02 3.394000000000021999e-01 3.980000000000222249e-02 5.280000000000444754e-02
2.176800000000000956e+00 2.283400000000001207e+00 2.284999999999999698e+00 2.251999999999999780e+00 2.265400000000001413e+00 2.265000000000000568e+00 2.269400000000000972e+00 2.254800000000001248e+00 2.282399999999999540e+00 2.231199999999999850e+00 2.241200000000000969e+00 2.236600000000003696e+00 2.238000000000000433e+00 2.231800000000000672e+00 2.229400000000000936e+00 2.209400000000001807e+00 2.423000000000000931e+00 1.046000000000011088e-01 9.880000000000109528e-02 1.112000000000011035e-01 2.839999999999999469e-02 8.520000000000110818e-02 2.878000000000011105e-01 5.300000000000110872e-02 3.220000000000110968e-02 8.919999999999998763e-02 6.300000000000111067e-02 6.739999999999998770e-02 2.580000000000110677e-02 0.000000000000000000e+00 4.540000000000111308e-02 6.200000000000110284e-02 3.600000000000110750e-02 3.640000000000111202e-02 1.306000000000011041e-01 4.500000000000110856e-02 4.579999999999999349e-02 4.020000000000110291e-02 4.380000000000110888e-02 4.620000000000110824e-02 1.000000000000010880e-01 9.900000000000111489e-02 4.759999999999998954e-02 7.120000000000110962e-02 7.080000000000111204e-02 1.152000000000010932e-01 4.920000000000110396e-02 3.436000000000011267e-01 5.180000000000110905e-02 7.120000000000334395e-02
2.202199999999999935e+00 2.308800000000000185e+00 2.308400000000000674e+00 2.277400000000000979e+00 2.290999999999999925e+00 2.289400000000002322e+00 2.294800000000002171e+00 2.279800000000002047e+00 2.306800000000000850e+00 2.256600000000001494e+00 2.266599999999999948e+00 2.261600000000002719e+00 2.263400000000002077e+00 2.243800000000002015e+00 2.242800000000002125e+00 2.221000000000003638e+00 2.435000000000000053e+00 1.343999999999999917e-01 1.292000000000022297e-01 1.416000000000000036e-01 5.060000000000110937e-02 1.264000000000000123e-01 2.992000000000000215e-01 2.879999999999999921e-02 4.279999999999999777e-02 1.284000000000010966e-01 9.539999999999999869e-02 1.054000000000011039e-01 6.660000000000222686e-02 4.540000000000111308e-02 0.000000000000000000e+00 6.700000000000222444e-02 3.500000000000000333e-02 5.859999999999999931e-02 1.388000000000000067e-01 7.080000000000000182e-02 3.380000000000110694e-02 3.240000000000221869e-02 2.060000000000000026e-02 1.220000000000000077e-02 1.332000000000022333e-01 1.323999999999999899e-01 3.580000000000110871e-02 7.520000000000000295e-02 8.379999999999999949e-02 1.466000000000022285e-01 3.840000000000221708e-02 3.553999999999999937e-01 8.780000000000000304e-02 1.100000000000022349e-01
2.155200000000002003e+00 2.259400000000002073e+00 2.258800000000000807e+00 2.227800000000001113e+00 2.241600000000002257e+00 2.239799999999999347e+00 2.244999999999999218e+00 2.229999999999999538e+00 2.257200000000000983e+00 2.206600000000000783e+00 2.217000000000002302e+00 2.211800000000005095e+00 2.213599999999999568e+00 2.208799999999999208e+00 2.206399999999999473e+00 2.186000000000000831e+00 2.400000000000002132e+00 7.380000000000222493e-02 6.919999999999998375e-02 7.980000000000221638e-02 4.560000000000109799e-02 7.700000000000221945e-02 2.430000000000022142e-01 7.460000000000222009e-02 5.280000000000222016e-02 7.120000000000109575e-02 4.060000000000221765e-02 6.100000000000110195e-02 5.299999999999999156e-02 6.200000000000110284e-02 6.700000000000222444e-02 0.000000000000000000e+00 4.420000000000222362e-02 6.680000000000221871e-02 7.880000000000221549e-02 4.360000000000222031e-02 8.320000000000109253e-02 7.619999999999997609e-02 6.920000000000221807e-02 5.960000000000222065e-02 7.159999999999998310e-02 7.080000000000222227e-02 8.980000000000108729e-02 2.040000000000222191e-02 3.620000000000222345e-02 8.679999999999998828e-02 9.039999999999998037e-02 3.018000000000022331e-01 7.340000000000222735e-02 6.320000000000446094e-02
